00000001010010110100100000100000
00000001010010110100100000100001
00000000000010100100100000100001
00000000000010100100100000100011
00000001010010110100100000100010
00000001010010110100100000100011
00000000000010100100101010000000
00000001011010100100100000000100
00000000000010100100101010000011
00000001011010100100100000000111
00000000000010100100101010000010
00000001011010100100100000000110
00000001010010110100100000100100
00000001010010110100100000100111
00000001010000000100100000100111
00000001010010110100100000100101
00000001010010110100100000100110
00000001010010110100100000001011
00000001010010110100100000001010
00000001010010110100100000101010
00000001010010110100100000101011
00000001001010100000000000011010
00000001001010100000000000011011
00000001001010100000000000011000
00000001001010100000000000011001
00000000000000000100100000010000
00000000000000000100100000010010
00000001001000000000000000010001
00000001001000000000000000010011
